version https://git-lfs.github.com/spec/v1
oid sha256:45cdfadf65152754b463c52ce0ada1737422e84257f8883dbda1341f00d71d0a
size 252278
