version https://git-lfs.github.com/spec/v1
oid sha256:44519c633fa22fd020a57dd1c7e71341647322bb21470681f49d144c80f6a27a
size 28583
