version https://git-lfs.github.com/spec/v1
oid sha256:b6c20047029e80e261644a96db67bbb8e1298d9eddad28312be436fb81c45cf5
size 207051
